# CGM Time Series Data
# X: Data Point
# Y: Glucose Value (mg/dL)
# Format: x y
# X range: 0 to 500
# Y range: 40 to 220
# Total points: 513

1.75 99.58
2.63 94.72
3.51 91.13
4.39 84.79
5.26 79.30
6.14 75.70
7.02 72.96
7.89 72.96
8.77 73.80
9.65 74.86
10.53 77.61
11.40 79.08
12.28 85.63
13.16 88.17
14.04 93.03
14.91 94.93
15.79 94.93
16.67 95.56
17.54 95.99
18.42 95.99
19.30 93.87
20.18 93.87
21.05 94.30
21.93 96.20
22.81 101.48
23.68 102.75
24.56 106.34
25.44 110.56
26.32 115.42
27.19 120.07
28.07 124.30
28.95 125.99
29.82 126.41
30.70 126.41
31.58 125.77
32.46 123.45
33.33 120.07
34.21 115.00
35.09 111.83
35.96 105.49
36.84 101.90
37.72 101.90
38.60 103.80
39.47 105.49
40.35 105.49
41.23 102.96
42.11 102.32
42.98 102.32
43.86 104.65
44.74 107.61
45.61 110.35
46.49 113.10
47.37 116.90
48.25 121.13
49.12 128.31
50.00 133.38
50.88 133.38
51.75 132.75
52.63 132.75
53.51 136.34
54.39 142.46
55.26 154.72
56.14 158.73
57.02 166.76
57.89 174.15
58.77 180.28
59.65 185.77
60.53 191.27
61.40 197.39
62.28 202.25
63.16 207.32
64.04 208.17
64.91 207.75
65.79 205.63
66.67 204.37
67.54 202.04
68.42 199.08
69.30 195.70
70.18 192.11
71.05 187.89
71.93 184.93
72.81 183.03
73.68 179.65
74.56 174.15
75.44 170.99
76.32 164.01
77.19 157.89
78.07 152.82
78.95 146.48
79.82 145.00
80.70 142.04
81.58 140.14
82.46 139.30
83.33 136.55
84.21 135.28
85.09 133.80
85.96 131.48
86.84 130.63
87.72 130.21
88.60 128.52
89.47 128.31
90.35 128.52
91.23 129.15
92.11 130.63
92.98 130.63
93.86 129.58
94.74 127.46
95.61 126.83
96.49 126.62
97.37 124.93
98.25 123.87
99.12 121.97
100.00 121.55
100.88 121.13
101.75 120.28
102.63 118.59
103.51 116.48
104.39 115.63
105.26 114.37
106.14 112.04
107.02 111.41
108.77 109.51
109.65 109.08
110.53 108.24
111.40 107.82
112.28 106.13
113.16 105.70
114.04 104.44
114.91 102.96
115.79 102.54
116.67 102.96
117.54 108.45
118.42 112.68
119.30 117.54
120.18 122.39
121.05 126.20
121.93 126.20
122.81 125.35
123.68 121.13
124.56 119.65
125.44 116.90
126.32 116.06
127.19 115.21
128.07 114.58
128.95 113.31
129.82 113.31
130.70 112.46
131.58 110.77
132.46 109.93
133.33 105.49
134.21 103.59
135.09 98.73
135.96 93.66
136.84 89.86
137.72 86.90
138.60 82.89
139.47 80.56
140.35 78.66
141.23 78.03
142.11 75.49
142.98 74.23
143.86 70.00
144.74 68.31
145.61 62.61
146.49 60.07
147.37 53.52
148.25 48.03
149.12 45.28
150.00 41.27
150.88 40.85
151.75 40.85
155.26 40.00
156.14 44.44
157.02 52.04
157.89 65.99
158.77 75.49
159.65 91.34
160.53 104.65
161.40 114.37
162.28 121.13
163.16 126.20
164.04 129.79
164.91 133.17
165.79 133.80
166.67 133.80
167.54 130.21
168.42 128.73
169.30 125.56
170.18 123.45
171.05 119.65
171.93 117.54
172.81 113.94
173.68 109.72
174.56 107.82
175.44 104.01
176.32 100.85
177.19 100.21
178.07 97.25
178.95 95.99
179.82 93.24
180.70 90.70
181.58 87.54
182.46 83.52
183.33 81.41
184.21 78.24
185.09 72.75
185.96 66.20
186.84 61.97
187.72 54.15
188.60 48.24
189.47 48.03
190.35 49.72
191.23 59.01
192.11 63.87
192.98 73.38
193.86 78.24
194.74 83.31
195.61 85.42
196.49 86.27
197.37 86.06
198.25 78.45
199.12 73.80
200.00 62.18
200.88 54.37
201.75 45.92
202.63 43.17
207.89 49.51
208.77 50.35
209.65 58.17
210.53 61.34
211.40 62.18
212.28 62.18
213.16 57.96
214.04 52.89
214.91 47.61
215.79 45.07
216.67 44.23
217.54 42.32
218.42 42.32
228.07 39.79
228.95 42.11
229.82 50.14
230.70 53.73
231.58 62.61
232.46 72.75
233.33 78.66
234.21 85.00
235.09 95.35
235.96 100.21
236.84 100.21
237.72 96.41
238.60 92.18
239.47 88.38
240.35 84.79
241.23 84.15
242.11 84.15
242.98 84.37
243.86 83.31
244.74 80.56
245.61 73.80
246.49 73.80
247.37 76.13
248.25 79.08
249.12 81.20
250.00 81.41
250.88 81.41
251.75 80.99
252.63 80.99
253.51 81.83
254.39 81.41
255.26 80.14
256.14 80.14
257.02 80.35
257.89 79.30
258.77 75.28
259.65 69.58
260.53 69.58
261.40 71.06
262.28 74.23
263.16 82.25
264.04 85.21
264.91 93.03
265.79 97.89
266.67 106.76
267.54 109.51
268.42 113.10
269.30 115.21
270.18 119.44
271.05 123.45
271.93 127.25
272.81 129.15
273.68 130.00
274.56 129.37
275.44 127.68
276.32 127.68
277.19 128.31
278.07 131.48
278.95 135.49
279.82 138.66
280.70 140.77
281.58 140.77
282.46 134.65
283.33 127.89
284.21 125.14
285.09 125.14
285.96 127.89
286.84 132.32
287.72 136.13
288.60 138.24
289.47 139.08
290.35 139.08
291.23 137.39
292.11 134.65
292.98 131.90
293.86 130.21
294.74 128.31
295.61 126.83
296.49 124.93
297.37 121.76
298.25 117.54
299.12 115.00
300.00 109.30
300.88 106.34
301.75 106.34
302.63 111.20
303.51 114.37
304.39 120.28
305.26 127.46
306.14 131.69
307.02 137.39
307.89 141.62
308.77 145.63
309.65 149.01
310.53 154.08
311.40 156.20
312.28 159.79
313.16 162.96
314.04 165.49
314.91 169.08
315.79 172.68
316.67 176.06
317.54 179.23
318.42 183.66
319.30 184.93
320.18 188.10
321.05 189.37
321.93 189.37
322.81 188.31
323.68 187.89
324.56 187.89
325.44 187.25
326.32 186.20
327.19 184.08
328.07 181.97
328.95 181.13
329.82 180.70
330.70 180.70
331.58 180.70
332.46 185.99
333.33 188.52
334.21 192.11
335.09 192.11
335.96 189.37
336.84 185.56
337.72 181.76
338.60 174.79
339.47 164.01
340.35 150.49
341.23 142.04
342.11 128.73
342.98 117.75
343.86 105.49
344.74 96.20
345.61 91.55
346.49 83.10
347.37 76.13
348.25 73.38
349.12 68.94
350.00 65.77
350.88 65.35
351.75 65.35
352.63 65.99
353.51 66.41
354.39 70.21
355.26 73.38
356.14 75.92
357.02 76.34
357.89 75.70
358.77 76.97
359.65 80.14
360.53 82.68
361.40 85.21
362.28 87.75
363.16 90.07
364.04 96.20
364.91 97.25
365.79 97.25
366.67 96.62
367.54 92.82
368.42 87.75
369.30 83.73
370.18 78.03
371.05 73.59
371.93 67.68
372.81 62.82
373.68 59.44
374.56 59.44
375.44 60.92
376.32 60.92
377.19 60.07
378.07 57.11
378.95 56.27
379.82 56.48
380.70 56.90
381.58 56.27
382.46 54.15
383.33 50.56
384.21 48.24
385.09 59.01
385.96 65.35
386.84 72.54
387.72 72.54
388.60 76.34
389.47 82.46
390.35 91.13
391.23 91.13
392.11 89.23
392.98 84.79
393.86 81.62
394.74 75.49
395.61 72.75
396.49 67.46
397.37 62.18
398.25 59.65
399.12 55.63
400.00 51.41
400.88 49.72
401.75 49.30
402.63 49.30
403.51 54.58
404.39 62.39
405.26 66.62
406.14 76.76
407.02 88.17
407.89 98.73
408.77 105.07
409.65 119.44
410.53 124.51
411.40 124.72
412.28 124.08
413.16 112.04
414.04 104.01
414.91 89.65
415.79 75.49
416.67 64.51
417.54 56.06
418.42 46.97
419.30 41.48
421.93 40.85
422.81 48.87
423.68 59.23
424.56 73.59
425.44 88.59
426.32 97.68
427.19 111.83
428.07 131.69
428.95 139.93
429.82 153.24
430.70 163.80
431.58 171.41
432.46 177.32
433.33 181.13
434.21 181.13
435.09 178.38
435.96 174.37
436.84 169.51
437.72 165.49
438.60 163.80
439.47 160.00
440.35 157.46
441.23 148.80
442.11 145.00
442.98 139.93
443.86 135.70
444.74 134.86
445.61 134.86
446.49 136.76
447.37 140.14
448.25 142.25
449.12 146.48
450.00 149.65
450.88 149.86
451.75 149.44
452.63 148.80
453.51 147.11
454.39 146.69
455.26 146.48
456.14 146.48
457.02 146.06
457.89 144.58
458.77 140.56
459.65 136.76
460.53 131.27
461.40 127.68
462.28 124.72
463.16 120.70
464.04 117.96
464.91 114.79
465.79 111.62
466.67 109.93
467.54 106.76
468.42 105.70
469.30 102.96
